96 DD 193207 129 58199251 87.3 15.4
95 DD 191062 62 69634872 99.1 182.9
97 DD 191062 62 69634872 99.1 240.6
97 DD 191201 79 105312202 94.0 19.1
97 DD 191264 114 105521088 91.3 37.5
96 DD 191271 94 67354334 94.9 90.3
96 DD 191271 122 105408606 92.9 31.8
97 DD 191271 116 97053627 93.1 25.9
97 DD 191720 53 53260192 89.4 44.4
97 P1 191720 53 53260192 89.4 44.4 18.7 35.8
97 DD 191859 113 86175013 95.0 12.9
97 DD 191062 197 220265280 94.6 38.9
97 DD 191720 86 82830164 91.7 52.9
97 DD 191062 61 67767609 94.0 66.2
96 DD 191062 100 113452524 96.9 62.1
97 DD 191062 106 120040172 78.6 52.0
97 DD 191062 59 65784738 63.7 61.8
97 DD 191271 293 320318924 91.8 60.7
95 DD 191726 10 4633782 82.4 113.1
95 DD 193575 182 136840161 92.4 145.5
95 DD 193575 182 136460523 94.1 55.8
95 DD 193575 496 381555400 95.4 80.2
95 DD 191062 155 173724117 83.8 148.4
95 DD 191062 130 147013587 89.9 146.2
97 DD 191062 130 147013587 89.9 96.1
97 DD 191062 121 136939756 74.8 20.6
95 DD 191062 159 178653114 97.7 152.0
97 DD 191062 159 178653114 97.7 128.5
97 DD 191833 91 117708971 85.8 62.8
95 DD 191833 94 121899295 93.6 95.7
97 DD 191062 205 228205652 91.1 3.7
97 DD 191062 279 305275101 71.5 47.0
95 DD 191062 245 270622774 91.6 114.5
97 DD 191062 245 270622774 91.6 98.8
95 DD 191062 230 254936039 88.7 189.3
97 DD 191062 281 307911102 91.4 105.4
97 DD 191062 289 315811976 88.9 34.5
95 DD 193541 615 387569200 89.5 213.2
97 DD 193575 103 63943098 92.5 68.4
97 P1 193575 103 63943098 92.5 68.4 15.9 67.1
97 DD 191226 82 36873118 84.8 23.7
97 DD 191062 322 349623068 88.8 70.4
95 DD 191062 348 375029475 94.0 35.1
96 DD 191090 12 9114913 88.3 8.3
96 P1 191090 12 9114913 88.3 8.3 12.4 34.0
97 DD 191277 280 274523299 93.9 55.3
97 DD 191856 1 405632 94.4 21.4
95 DD 191856 5 1577993 92.5 105.0
95 DD 193575 134 93477561 93.2 130.8
95 DD 193575 135 94007713 86.4 65.1
97 DD 193575 335 260005717 92.1 32.3
95 DD 193575 336 260912888 91.3 163.6
95 DD 191810 53 83431138 91.0 63.9
