95 FF 191264 91 72782862 91.1 310.4
97 FF 191264 115 106926507 84.5 41.2
97 FF 191264 116 108187154 86.7 105.3
95 FF 191264 124 119183419 93.0 109.9
95 FF 191271 94 67354334 94.9 207.6
97 FF 191271 94 67354334 94.9 188.5
97 FF 191271 104 80831484 99.7 71.8
95 FP 191271 124 108192640 89.6 119.6
95 PF 191271 124 108733753 93.9 48.3
95 FF 191226 440 617993122 92.9 96.4
97 FP 191226 448 629811312 79.3 36.3
97 FF 191720 53 53260192 89.4 101.5
95 FF 191859 109 83430933 95.5 61.3
97 FF 191859 109 83430933 95.5 67.6
96 FF 191062 374 400420445 94.7 83.3
95 FF 191264 101 88089421 83.0 82.6
95 FF 191062 79 89203266 93.6 91.4
96 FF 191062 100 113452524 96.9 131.8
95 FF 191062 106 120040172 78.6 66.4
97 FF 191062 135 152284054 90.9 16.6
97 FF 191271 292 318310369 86.3 19.7
97 FF 191271 293 320318924 91.8 41.9
95 FF 191830 391 590555329 94.8 89.7
97 FF 191810 44 66858913 87.2 35.5
95 FF 193575 182 136840161 92.4 74.1
95 FF 193575 446 345201679 92.3 47.1
95 FF 191062 155 173724117 83.8 319.5
95 FF 191062 175 196431035 92.7 133.6
97 FF 191062 175 196431035 92.7 146.5
95 FF 191062 123 138799252 86.0 87.9
95 FF 191062 130 147013587 89.9 81.8
97 FF 191062 130 147013587 89.9 54.1
97 FF 191062 287 314253326 91.9 48.9
95 FF 191062 160 180028285 93.7 91.3
97 FF 191062 160 180028285 93.7 117.5
97 FF 191062 157 176483215 89.0 31.2
95 FF 191062 165 184814778 92.2 18.1
97 FF 191833 97 125849678 89.0 40.6
95 FF 191856 110 92668736 87.4 87.2
97 FF 191856 110 92668736 87.4 83.5
97 FP 191856 123 104201629 95.1 64.3
95 FF 193336 348 257422366 112.0 280.5
97 FF 193336 348 257422366 112.0 244.0
97 FF 191062 254 279418344 89.9 49.7
97 FF 191062 192 214741733 109.1 41.8
97 FF 191062 245 270622774 91.6 103.2
95 FF 191062 230 254936039 88.7 121.2
95 FF 191062 253 278714891 78.4 102.3
97 FF 193575 86 47514523 93.4 19.6
95 FF 193575 124 84301431 91.7 80.3
97 FP 191062 283 309977868 88.3 81.3
96 FF 191062 292 318743350 92.4 47.2
95 FF 191062 517 536341029 94.1 65.1
97 PF 191062 308 335610983 94.3 17.1
97 FF 191062 403 428862245 68.0 25.3
96 FF 191062 350 377371292 90.6 89.7
98 FF 191062 350 377371292 90.6 69.2
96 FF 191062 356 383040617 88.0 31.5
97 FF 191062 343 370195874 92.7 35.6
95 FF 191090 12 9307284 73.4 167.3
97 FF 191090 12 9307284 73.4 153.1
95 FF 191720 77 74672210 102.9 60.2
97 FF 191062 489 510065725 84.4 1.6
