1 4 1 7982 2394056 107.6 71.5  
2 4 1 7982 2394085 92.6 63.4  
3 4 1 8301 2489754 92.7 71.1  
4 4 1 6962 2087942 91.2 54.8  
5 4 1 7220 2165376 81.8 63.3  
6 4 1 7587 2275406 81.2 63.0  
7 4 1 7588 2275827 101.5 80.1  
8 4 1 9394 2817616 80.2 71.3  
9 4 1 10566 3168978 87.9 59.8  
10 4 1 11718 3514521 90.1 82.6  
11 4 1 15253 4574922 85.4 45.3  
12 4 1 121 36098 110.4 67.5 
13 4 1 1224 366928 96.3 79.6  
14 4 1 1224 366929 78.4 70.6  
15 4 1 7041 2111686 92.8 67.1  
16 4 1 7539 2261165 89.9 72.5  
17 4 1 36445 10931209 95.2 50.0  
18 4 1 36445 10931300 93.4 46.2  
19 4 1 23207 6960504 87.1 90.4  
20 4 1 18228 5467367 88.1 57.0  
21 4 1 22079 6622335 94.2 59.6  
22 4 1 20559 6166382 87.9 61.8  
23 4 1 20247 6072807 91.5 61.9  
24 4 1 20266 6078464 88.6 64.9  
25 4 1 20654 6194734 92.3 81.5  
26 4 1 20374 6110714 86.9 55.4  
27 4 1 20374 6110993 91.6 79.0  
28 4 1 22911 6871826 89.5 69.0  
29 4 1 22911 6871965 94.3 63.7  
30 4 1 23784 7133578 98.1 118.7  
31 4 1 23853 7154346 83.0 60.7  
32 4 1 31488 9444382 90.3 81.2  
33 4 1 31488 9444474 73.2 66.9  
34 4 1 28048 8412567 89.6 67.7  
35 4 1 28048 8412790 93.3 75.3  
36 4 1 28058 8415660 90.1 69.3  
37 4 1 28081 8422508 87.7 59.7  
38 4 1 28081 8422571 97.3 56.7  
39 4 1 32958 9885316 91.6 60.3  
40 4 1 16338 4900417 91.1 63.3  
41 4 1 17068 5119341 92.9 56.9  
42 4 1 23630 7087419 87.6 63.5  
43 4 1 20152 6044111 102.9 76.4  
44 4 1 35713 10711552 91.1 66.7  
45 4 1 20890 6265737 91.0 65.8  
46 4 1 20998 6298026 91.1 90.8  
47 4 1 22584 6773744 82.7 76.4  
48 4 1 28361 8506481 93.4 29.4  
49 4 1 27287 8184368 90.4 46.2  
50 4 1 14789 4435724 92.9 62.2  
51 4 1 15184 4554264 92.1 56.2  
52 4 1 16228 4867491 80.2 64.9  
53 4 1 17460 5236979 93.5 61.7  
54 4 1 17489 5245598 90.5 80.5  
55 4 1 17495 5247287 91.8 49.0  
56 4 1 4316 1294554 93.1 47.7  
57 4 1 11673 3500974 90.0 81.8  
58 4 1 18758 5626269 90.4 85.2  
59 4 1 8702 2610044 90.8 60.0  
60 4 1 10833 3249154 92.8 61.1  
61 4 1 13732 4118663 88.3 59.0  
62 4 1 13927 4177191 77.3 90.4  
63 4 1 24891 7465769 93.2 79.9  
64 4 1 26981 8092650 90.3 52.5  
65 4 1 16430 4927907 96.9 89.6  
66 4 1 16579 4972584 90.4 40.4  
67 4 1 16825 5046334 89.4 69.9  
68 4 1 16984 5094030 78.2 52.0  
69 4 1 17499 5248519 92.5 75.8  
70 4 1 17514 5253141 88.6 55.0  
71 4 1 17682 5303599 98.4 39.1  
72 4 1 19212 5762331 90.5 51.8  
73 4 1 19233 5768784 89.2 53.9  
74 4 1 19240 5770771 76.1 64.8  
75 4 1 19601 5878982 89.4 80.6  
76 4 1 20900 6268558 95.8 61.4  
77 4 1 21658 6496075 91.1 31.5  
78 4 1 7457 2236443 90.7 60.0  
79 4 1 8714 2613457 91.1 72.4  
80 4 1 9785 2934725 92.6 49.1  
81 4 1 10410 3122304 88.2 53.8  
82 4 1 10410 3122385 87.7 68.9  
83 4 1 12571 3770479 93.1 68.5  
84 4 1 13313 3993181 97.8 70.1  
85 4 1 13844 4152110 91.4 60.0  
86 4 1 14385 4314504 98.6 52.7  
87 4 1 17096 5127612 86.3 51.2  
88 4 1 23940 7180330 84.2 50.0  
89 4 1 23956 7185291 85.7 49.5  
90 4 1 22705 6810153 93.2 46.5  
91 4 1 29904 8969499 82.3 54.9  
92 4 1 31013 9301985 94.1 53.9  
93 4 1 33048 9912428 94.0 53.8  
94 4 1 33505 10049486 91.0 75.2  
95 4 1 33541 10060295 75.8 66.2  
96 4 1 22253 6674484 84.3 68.0  
97 4 1 22637 6789739 84.0 49.8  
98 4 1 22640 6790549 89.6 67.0  
99 4 1 22997 6897609 92.4 46.1  
100 4 1 29267 8778154 91.4 70.9  
101 4 1 24894 7466671 88.6 59.0  
102 3 1 6962 2088197 91.5 45.7  
103 3 1 7588 2275969 94.1 41.1  
104 3 1 10566 3168926 91.9 73.0  
105 3 1 173 51836 79.9 57.7  
106 3 1 531 159082 88.1 86.7  
107 3 1 531 159263 85.4 48.8  
108 3 1 2566 769690 89.4 64.5  
109 3 1 4059 1217405 90.1 62.6  
110 3 1 4087 1225717 90.4 45.5  
111 3 1 4087 1225799 92.7 56.7  
112 3 1 4087 1225883 90.7 64.2  
113 3 1 4318 1294920 97.5 75.0  
114 3 1 6015 1804089 91.5 62.3  
115 3 1 6028 1808090 88.8 68.2  
116 3 1 7154 2145722 89.0 49.0  
117 3 1 7544 2262764 87.1 44.0  
118 3 1 11494 3447531 78.8 95.2  
119 3 1 13189 3955844 96.0 96.8  
120 3 1 10534 3159560 92.3 72.8  
121 3 1 10537 3160498 99.1 30.2  
122 3 1 23436 7029166 78.5 42.5  
123 3 1 23436 7029247 76.1 53.3  
124 3 1 23445 7032057 90.4 125.6  
125 3 1 19398 5818037 91.5 67.6  
126 3 1 19486 5844689 92.1 89.4  
127 3 1 23797 7137674 93.3 55.5  
128 3 1 20363 6107681 102.5 33.7  
129 3 1 20397 6117786 85.4 42.2  
130 3 1 20668 6199108 92.2 59.8  
131 3 1 21303 6389696 89.0 33.9  
132 3 1 25196 7557152 74.1 61.7  
133 3 1 25196 7557269 89.9 56.3  
134 3 1 26590 7975240 91.5 49.9  
135 3 1 28057 8415345 84.4 61.8  
136 3 1 28074 8420457 78.8 49.3  
137 3 1 28074 8420490 91.6 74.2  
138 3 1 28081 8422521 93.4 59.3  
139 3 1 29677 8901238 103.2 43.6  
140 3 1 30123 9034956 92.2 99.2  
141 3 1 34338 10299216 77.5 50.7  
142 3 1 17206 5160596 93.4 67.1  
143 3 1 18331 5498071 92.0 49.3  
144 3 1 20152 6044186 93.6 70.6  
145 3 1 20991 6295873 91.9 57.1  
146 3 1 21008 6300963 83.8 42.2  
147 3 1 22581 6772756 90.8 58.2  
148 3 1 22581 6772943 87.3 80.4  
149 3 1 22584 6773768 93.6 98.9  
150 3 1 22891 6865728 91.7 56.0  
151 3 1 24628 7386712 94.8 48.9  
152 3 1 24650 7393508 89.4 45.8  
153 3 1 24652 7394167 90.5 47.5  
154 3 1 28077 8421473 89.5 42.9  
155 3 1 11835 3549794 88.8 89.2  
156 3 1 14179 4252634 90.8 51.3  
157 3 1 14303 4290065 93.5 100.7  
158 3 1 14451 4334384 85.9 65.2  
159 3 1 16085 4824457 94.0 161.4  
160 3 1 15850 4753975 96.1 88.0  
161 3 1 15851 4754293 92.1 32.3  
162 3 1 16219 4864526 99.3 48.8  
163 3 1 4579 1373368 90.7 43.1  
164 3 1 4494 1347849 88.9 67.5  
165 3 1 7967 2389483 89.6 40.6  
166 3 1 7688 2305783 91.9 45.2  
167 3 1 7688 2305915 98.9 50.7  
168 3 1 8643 2592286 90.3 60.1  
169 3 1 10406 3120937 90.1 75.7  
170 3 1 10435 3129879 90.7 37.5  
171 3 1 10680 3203392 92.1 18.2  
172 3 1 11334 3399336 91.4 47.3  
173 3 1 14654 4395255 92.5 41.7  
174 3 1 13712 4112662 89.8 54.4  
175 3 1 13729 4117698 87.7 62.4  
176 3 1 13732 4118693 96.3 46.2  
177 3 1 14196 4257733 90.4 50.5  
178 3 1 15181 4553172 95.3 43.0  
179 3 1 16984 5094188 94.1 51.7  
180 3 1 19254 5775031 93.7 60.1  
181 3 1 21658 6496031 90.6 30.0  
182 3 1 21445 6432037 92.5 53.3  
183 3 1 8712 2612801 89.9 55.9  
184 3 1 8714 2613620 88.8 58.5  
185 3 1 9778 2932827 96.2 91.9  
186 3 1 9794 2937451 94.7 57.3  
187 3 1 9798 2938826 90.0 47.5  
188 3 1 10121 3035652 77.3 48.6  
189 3 1 17429 5227673 88.5 54.8  
190 3 1 29904 8969366 91.4 34.3  
191 3 1 22977 6891509 94.5 58.5  
192 3 1 22995 6896980 89.3 29.0  
193 3 1 22995 6897127 90.6 104.0  
194 3 1 23019 6904254 92.2 69.3  
195 3 1 23020 6904534 90.9 65.4  
196 3 1 23537 7059625 94.3 63.8  
197 3 1 32980 9892029 79.9 57.3  
198 3 1 32251 9673339 93.3 52.3  
199 3 1 33030 9906900 96.0 51.4  
200 3 1 33030 9906989 94.2 83.7  
201 3 1 34011 10201109 94.4 52.2  
202 3 1 34818 10443301 93.0 25.9  
203 3 1 35512 10651303 91.2 77.9  
204 3 1 22624 6785765 88.8 34.9  
205 3 1 25531 7657597 90.9 46.2  
206 1 1 7220 2165555 89.9 42.7  
207 1 1 7588 2275939 90.5 59.4  
208 1 1 7596 2278115 94.2 30.0  
209 1 1 7596 2278162 93.0 63.3  
210 1 1 7596 2278264 91.4 41.0  
211 1 1 9206 2761039 89.2 43.0  
212 1 1 16862 5057367 90.7 65.3  
213 1 1 9374 2811428 89.1 40.8  
214 1 1 9391 2816503 91.8 47.4  
215 1 1 9394 2817431 91.4 49.2  
216 1 1 10572 3170866 87.1 59.7  
217 1 1 11960 3587160 89.9 54.1  
218 1 1 11963 3587914 85.3 59.9  
219 1 1 16328 4897385 94.0 48.0  
220 1 1 4220 1265729 89.2 61.6  
221 1 1 4067 1219719 89.7 42.9  
222 1 1 7152 2145115 90.5 62.7  
223 1 1 35528 10656286 91.5 49.4  
224 1 1 21948 6582894 86.3 90.1  
225 1 1 21948 6582979 90.9 51.2  
226 1 1 23445 7032032 92.4 41.4  
227 1 1 18228 5467208 81.5 45.8  
228 1 1 19383 5813569 107.3 78.8  
229 1 1 19395 5817126 90.2 49.2  
230 1 1 22069 6619244 95.3 62.9  
231 1 1 20247 6072644 92.9 69.8  
232 1 1 20402 6119188 87.1 75.9  
233 1 1 36247 10871840 90.2 45.8  
234 1 1 20978 6291961 91.0 57.1  
235 1 1 21303 6389539 90.8 59.1  
236 1 1 21305 6390286 95.1 37.1  
237 1 1 26590 7975236 89.4 158.1  
238 1 1 23853 7154382 89.7 56.5  
239 1 1 24160 7246597 90.3 125.1  
240 1 1 25702 7708927 91.8 61.0  
241 1 1 25702 7708947 81.8 35.2  
242 1 1 25710 7711227 92.2 54.5  
243 1 1 30123 9034870 74.2 50.9  
244 1 1 33930 10176821 89.0 61.8  
245 1 1 33930 10176949 88.3 31.4  
246 1 1 20159 6046312 89.2 57.7  
247 1 1 21316 6393323 91.1 62.0  
248 1 1 20881 6263011 86.5 62.4  
249 1 1 20998 6298156 91.5 54.6  
250 1 1 22231 6667873 89.9 39.5  
251 1 1 22242 6671090 89.4 64.8  
252 1 1 28361 8506448 90.6 56.2  
253 1 1 28711 8611585 83.4 73.9  
254 1 1 24643 7391470 92.3 59.4  
255 1 1 24646 7392129 88.1 58.8  
256 1 1 24646 7392211 80.8 58.3  
257 1 1 27123 8135153 89.2 45.7  
258 1 1 27868 8358516 93.8 63.8  
259 1 1 27868 8358732 87.5 160.9  
260 1 1 27886 8364081 104.1 51.9  
261 1 1 27886 8364162 89.6 83.2  
262 1 1 9447 2833355 97.8 32.9  
263 1 1 13710 4111930 89.1 44.0  
264 1 1 13710 4112083 77.0 85.1  
265 1 1 14649 4393852 90.0 35.1  
266 1 1 14179 4252651 91.4 16.3  
267 1 1 15375 4611522 93.0 40.4  
268 1 1 15376 4611621 92.2 56.3  
269 1 1 15395 4617545 91.6 46.2  
270 1 1 15850 4753874 87.5 53.1  
271 1 1 17459 5236694 90.3 50.2  
272 1 1 17489 5245655 102.6 38.5  
273 1 1 19164 5748027 89.6 53.2  
274 1 1 18466 5538446 89.3 64.6  
275 1 1 10187 3055247 91.4 39.7  
276 1 1 10664 3198428 86.4 128.7  
277 1 1 10699 3208932 90.8 47.8  
278 1 1 11329 3397997 94.9 44.5  
279 1 1 14654 4395148 77.3 36.1  
280 1 1 12074 3621205 91.9 40.3  
281 1 1 13705 4110681 96.7 66.6  
282 1 1 13732 4118707 89.8 58.3  
283 1 1 13733 4118961 91.0 44.4  
284 1 1 14194 4257395 90.8 36.4  
285 1 1 14196 4257839 83.7 66.2  
286 1 1 14995 4497406 92.3 25.8  
287 1 1 24891 7465799 85.2 33.6  
288 1 1 15172 4550548 91.5 64.1  
289 1 1 15291 4586257 73.0 43.0  
290 1 1 16828 5047129 90.6 68.2  
291 1 1 17697 5307876 86.7 37.6  
292 1 1 19254 5774983 90.5 36.0  
293 1 1 20900 6268517 87.8 58.6  
294 1 1 21445 6432117 93.1 48.9  
295 1 1 25050 7513294 93.1 35.4  
296 1 1 9798 2938870 93.5 35.6  
297 1 1 10161 3047443 96.0 57.4  
298 1 1 10182 3053896 89.6 87.6  
299 1 1 10189 3056083 90.3 29.9  
300 1 1 13313 3993061 96.4 41.9  
301 1 1 13844 4152341 88.0 68.6  
302 1 1 17709 5311509 91.7 194.4  
303 1 1 17720 5314956 94.0 38.2  
304 1 1 23956 7185151 88.8 19.7  
305 1 1 23993 7196333 77.3 50.9  
306 1 1 28919 8673764 89.6 80.0  
307 1 1 22995 6896967 89.6 39.2  
308 1 1 23019 6904206 93.9 52.7  
309 1 1 23020 6904501 82.2 72.4  
310 1 1 28397 8517130 100.4 39.4  
311 1 1 23707 7110436 83.1 54.0  
312 1 1 26951 8083414 94.1 58.2  
313 1 1 27252 8173922 111.1 122.9  
314 1 1 28921 8674358 88.7 51.9  
315 1 1 29902 8968646 95.2 34.5  
316 1 1 38863 11656569 93.4 74.7  
317 1 1 32275 9680331 91.3 62.7  
318 1 1 32275 9680478 96.9 55.9  
319 1 1 32673 9799766 84.8 63.2  
320 1 1 33505 10049427 93.9 43.9  
321 1 1 34014 10202064 77.4 28.2  
322 1 1 34819 10443537 89.7 69.0  
323 1 1 35525 10655231 86.5 65.8  
324 1 1 22258 6675928 90.7 70.5  
325 1 1 29267 8778123 87.5 127.8  
326 1 1 29267 8778370 92.7 48.7  
327 1 1 24892 7466036 89.2 67.8  
328 1 1 25530 7657479 78.1 36.5  
329 2 1 6962 2088014 92.2 62.2  
330 2 1 6975 2092000 82.0 22.8  
331 2 1 17132 5138483 89.0 40.7  
332 2 1 10941 3281636 97.7 46.8  
333 2 1 128 38225 85.1 41.8  
334 2 1 3139 941464 91.0 68.5  
335 2 1 4484 1344946 106.8 30.5  
336 2 1 7041 2111884 90.6 55.2  
337 2 1 7154 2145618 92.3 48.9  
338 2 1 7155 2145815 90.8 42.6  
339 2 1 7539 2261038 90.3 85.3  
340 2 1 7539 2261167 102.8 17.2  
341 2 1 11494 3447530 90.0 47.3  
342 2 1 13189 3955768 86.3 43.6  
343 2 1 18229 5467547 90.5 41.5  
344 2 1 19372 5810431 91.1 26.7  
345 2 1 19741 5921040 88.9 22.6  
346 2 1 22066 6618264 95.5 34.6  
347 2 1 22078 6621904 91.1 34.9  
348 2 1 28980 8692224 88.5 48.1  
349 2 1 20256 6075308 92.3 52.6  
350 2 1 20728 6216941 92.7 38.0  
351 2 1 22913 6872492 91.3 64.4  
352 2 1 28370 8509237 93.0 43.5  
353 2 1 23795 7136856 91.6 43.1  
354 2 1 25712 7711875 75.4 53.9  
355 2 1 28067 8418431 91.0 61.0  
356 2 1 34338 10299112 104.7 37.1  
357 2 1 18545 5562362 85.9 62.1  
358 2 1 17200 5158754 91.1 48.0  
359 2 1 17211 5162062 75.9 54.2  
360 2 1 20150 6043504 94.6 35.5  
361 2 1 21316 6393313 96.0 28.8  
362 2 1 20985 6294299 84.8 50.2  
363 2 1 21008 6300916 87.3 54.6  
364 2 1 22238 6670043 89.8 23.1  
365 2 1 28359 8505730 84.9 53.0  
366 2 1 24628 7386736 90.2 262.4  
367 2 1 26930 8077148 83.1 99.1  
368 2 1 27862 8356710 89.0 48.8  
369 2 1 27886 8363908 90.7 37.8  
370 2 1 28198 8457513 100.2 222.3  
371 2 1 28198 8457780 93.7 77.6  
372 2 1 28064 8417419 103.6 44.5  
373 2 1 9447 2833557 102.9 52.4  
374 2 1 11835 3549610 89.5 202.1  
375 2 1 13961 4187355 90.4 55.1  
376 2 1 14183 4253980 88.2 15.6  
377 2 1 15848 4753359 93.1 43.4  
378 2 1 16086 4824856 92.0 31.7  
379 2 1 16221 4865377 92.5 70.4  
380 2 1 16531 4958343 90.3 60.5  
381 2 1 7965 2388900 86.7 55.1  
382 2 1 6798 2038768 89.1 53.2  
383 2 1 8423 2526345 87.4 51.2  
384 2 1 8683 2604131 83.3 48.0  
385 2 1 8702 2609893 92.4 42.9  
386 2 1 10187 3055382 91.5 32.8  
387 2 1 10408 3121778 85.1 56.7  
388 2 1 10417 3124294 89.3 43.8  
389 2 1 10685 3204881 89.2 26.5  
390 2 1 10833 3249036 94.4 35.1  
391 2 1 11343 3402121 94.2 33.1  
392 2 1 12074 3621401 92.4 34.1  
393 2 1 13592 4076510 90.1 37.7  
394 2 1 13705 4110608 88.7 40.2  
395 2 1 13732 4118689 95.2 29.9  
396 2 1 13948 4183373 89.4 27.8  
397 2 1 14209 4261640 91.6 86.0  
398 2 1 24891 7465768 91.2 65.1  
399 2 1 15181 4553209 91.5 35.2  
400 2 1 15296 4587790 87.2 47.4  
401 2 1 19212 5762307 91.5 49.6  
402 2 1 19240 5770751 92.3 46.1  
403 2 1 19607 5880793 93.0 56.0  
404 2 1 21046 6312592 90.2 56.6  
405 2 1 21464 6437902 81.0 71.0  
406 2 1 7447 2233645 92.5 69.1  
407 2 1 7457 2236593 90.6 53.5  
408 2 1 8721 2615653 81.4 63.5  
409 2 1 13331 3998486 93.0 66.8  
410 2 1 14385 4314497 88.5 51.7  
411 2 1 17429 5227633 94.7 34.8  
412 2 1 17720 5314808 90.1 18.8  
413 2 1 23704 7109671 78.9 45.5  
414 2 1 23704 7109717 92.4 80.6  
415 2 1 24902 7468908 89.2 63.9  
416 2 1 22977 6891682 74.6 40.6  
417 2 1 23961 7186607 87.7 64.5  
418 2 1 31682 9502499 83.2 79.1  
419 2 1 31682 9502560 94.7 23.3  
420 2 1 33528 10056311 90.4 70.5  
421 2 1 34851 10453006 91.0 39.4  
422 2 1 35552 10663434 89.6 86.7  
423 2 1 22260 6676476 91.4 29.9  
424 2 1 38563 11566522 89.6 54.3  
425 8 1 6974 2091787 89.2 68.7  
426 8 1 7206 2161284 88.9 74.2  
427 8 1 7215 2164005 91.8 16.4  
428 8 1 7220 2165549 94.4 33.1  
429 8 1 9374 2811463 85.3 67.3  
430 8 1 9394 2817629 87.6 35.8  
431 8 1 16352 4904685 84.3 80.3  
432 8 1 480 143841 91.7 66.7  
433 8 1 31203 9359072 89.8 68.7  
434 8 1 2585 775340 90.1 94.6  
435 8 1 3139 941335 97.6 59.1  
436 8 1 4059 1217270 94.2 68.5  
437 8 1 4059 1217407 92.5 125.9  
438 8 1 4087 1225844 92.9 59.6  
439 8 1 21948 6582952 81.0 66.1  
440 8 1 23436 7029399 87.5 87.8  
441 8 1 23437 7029593 94.3 61.2  
442 8 1 19741 5921035 96.1 74.5  
443 8 1 22078 6621811 89.8 70.1  
444 8 1 20122 6035269 87.9 69.4  
445 8 1 20658 6195977 93.1 92.5  
446 8 1 20288 6085043 78.6 29.1  
447 8 1 20711 6211804 87.1 63.3  
448 8 1 20659 6196468 90.8 86.1  
449 8 1 20978 6291982 96.5 50.0  
450 8 1 28370 8509255 95.9 58.7  
451 8 1 28052 8413882 88.8 46.9  
452 8 1 28067 8418461 90.5 58.4  
453 8 1 29660 8896197 92.8 52.3  
454 8 1 29668 8898513 93.9 51.9  
455 8 1 30123 9034835 92.8 80.4  
456 8 1 32958 9885314 88.0 61.9  
457 8 1 20916 6273531 92.0 74.8  
458 8 1 20998 6298082 81.3 69.7  
459 8 1 22231 6667966 88.7 62.8  
460 8 1 22242 6671151 92.6 47.6  
461 8 1 22891 6865866 92.8 63.5  
462 8 1 27123 8135175 82.4 76.0  
463 8 1 27862 8356740 96.7 84.6  
464 8 1 27886 8364169 81.0 50.5  
465 8 1 8974 2691520 89.8 53.6  
466 8 1 9447 2833482 87.9 52.0  
467 8 1 13925 4176681 73.0 71.1  
468 8 1 13960 4186956 90.1 65.4  
469 8 1 14183 4253831 91.1 66.4  
470 8 1 16216 4863757 93.8 52.0  
471 8 1 4783 1434436 100.6 63.9  
472 8 1 18758 5626279 91.3 90.6  
473 8 1 10185 3054892 93.4 77.0  
474 8 1 10408 3121673 91.3 76.2  
475 8 1 10666 3198974 84.3 62.3  
476 8 1 10666 3199139 72.0 63.6  
477 8 1 11329 3398061 91.6 71.8  
478 8 1 12074 3621363 89.0 88.5  
479 8 1 13934 4179380 86.2 42.4  
480 8 1 26981 8092420 89.6 66.9  
481 8 1 26981 8092465 93.4 77.4  
482 8 1 17511 5252065 97.8 70.5  
483 8 1 19240 5770709 95.6 70.2  
484 8 1 19254 5775027 92.7 70.6  
485 8 1 19605 5880145 90.2 34.0  
486 8 1 25241 7570727 87.0 73.7  
487 8 1 7239 2171205 91.2 68.3  
488 8 1 9795 2937962 92.1 70.1  
489 8 1 9798 2938740 94.5 73.8  
490 8 1 13331 3998536 85.9 44.0  
491 8 1 13840 4151062 93.4 70.9  
492 8 1 13844 4152171 93.8 58.7  
493 8 1 23693 7106232 90.9 67.7  
494 8 1 36252 10873489 91.3 59.7  
495 8 1 38863 11656361 83.4 181.6  
496 8 1 32156 9644701 97.9 35.3  
497 8 1 33541 10060244 94.2 47.6  
498 8 1 34820 10443948 100.3 66.6  
499 8 1 35525 10655321 93.2 78.5  
500 8 1 38558 11564881 90.2 46.9  
501 8 1 25531 7657524 95.4 71.1  
502 5 1 5511 1652920 92.6 53.4  
503 5 1 8301 2489632 95.4 54.8  
504 5 1 6962 2087956 89.9 45.1  
505 5 1 6962 2088183 94.2 141.6  
506 5 1 6964 2088537 91.3 55.2  
507 5 1 6974 2091521 96.4 57.2  
508 5 1 7585 2274936 97.2 47.2  
509 5 1 9417 2824394 93.9 55.6  
510 5 1 10577 3172309 92.9 61.6  
511 5 1 10941 3281677 86.8 46.6  
512 5 1 11717 3514315 90.5 79.2  
513 5 1 11722 3515703 87.3 33.1  
514 5 1 11963 3587945 91.5 53.3  
515 5 1 12808 3841538 89.8 63.5  
516 5 1 16352 4904686 90.1 81.7  
517 5 1 5368 1609843 91.1 44.5  
518 5 1 126 37734 87.6 57.9  
519 5 1 128 38254 95.0 63.6  
520 5 1 128 38271 87.1 57.4  
521 5 1 520 155955 92.3 48.8  
522 5 1 531 159266 94.7 70.6  
523 5 1 1224 366916 82.4 64.3  
524 5 1 31203 9358859 92.9 59.5  
525 5 1 1594 477993 82.4 53.6  
526 5 1 4220 1265539 89.2 56.8  
527 5 1 1853 555781 93.5 69.6  
528 5 1 4087 1225612 86.0 60.6  
529 5 1 4328 1298152 91.5 47.8  
530 5 1 6026 1807228 87.8 46.7  
531 5 1 6028 1807958 82.2 80.6  
532 5 1 7041 2111839 91.0 35.5  
533 5 1 7042 2111909 90.8 42.8  
534 5 1 7152 2145121 96.8 51.9  
535 5 1 7539 2261297 89.7 37.7  
536 5 1 13183 3954000 93.1 28.9  
537 5 1 9957 2986500 96.7 43.5  
538 5 1 13956 4185792 91.6 28.9  
539 5 1 35528 10656114 88.4 73.3  
540 5 1 16351 4904395 90.2 35.8  
541 5 1 16406 4920654 92.7 42.3  
542 5 1 22372 6710009 99.0 58.3  
543 5 1 22372 6710283 72.5 173.7  
544 5 1 23207 6960571 92.9 36.9  
545 5 1 16516 4953625 93.6 90.0  
546 5 1 18223 5465695 94.6 22.8  
547 5 1 18229 5467652 99.7 73.1  
548 5 1 19408 5821225 91.8 23.8  
549 5 1 19486 5844490 89.2 41.7  
550 5 1 20122 6035230 93.9 57.1  
551 5 1 20125 6036290 90.5 48.3  
552 5 1 20247 6072790 89.7 88.9  
553 5 1 20658 6195919 94.1 47.9  
554 5 1 21597 6477681 95.8 24.4  
555 5 1 21597 6477847 93.6 80.7  
556 5 1 25196 7557205 86.1 92.7  
557 5 1 22921 6874786 72.6 61.9  
558 5 1 23784 7133703 86.3 59.9  
559 5 1 23795 7136804 88.4 37.9  
560 5 1 23840 7150573 86.5 67.1  
561 5 1 24159 7246013 76.4 67.4  
562 5 1 27466 8238194 89.9 39.4  
563 5 1 28976 8690971 89.4 63.9  
564 5 1 28048 8412602 94.8 34.2  
565 5 1 28058 8415641 90.1 55.5  
566 5 1 32952 9883519 84.2 51.5  
567 5 1 33930 10176851 94.2 90.0  
568 5 1 33942 10180324 89.6 29.9  
569 5 1 16342 4901411 87.4 116.5  
570 5 1 17200 5158814 88.3 47.4  
571 5 1 17206 5160617 92.2 51.0  
572 5 1 20152 6044246 85.4 50.9  
573 5 1 20884 6263894 88.5 47.2  
574 5 1 20894 6266808 99.2 81.6  
575 5 1 20894 6266939 90.2 48.6  
576 5 1 22581 6772731 89.1 61.8  
577 5 1 22581 6772862 94.7 50.8  
578 5 1 24628 7386931 94.7 58.7  
579 5 1 24650 7393555 86.9 18.3  
580 5 1 26924 8075556 93.7 68.3  
581 5 1 8978 2692790 95.2 62.7  
582 5 1 8996 2698158 90.6 52.7  
583 5 1 9426 2827121 88.8 52.8  
584 5 1 10899 3268865 92.9 71.6  
585 5 1 10899 3268977 91.3 63.5  
586 5 1 11344 3402588 91.8 53.7  
587 5 1 14789 4435666 92.0 40.8  
588 5 1 14181 4253301 94.2 55.2  
589 5 1 14183 4253938 93.2 34.3  
590 5 1 15850 4754042 93.3 63.4  
591 5 1 16155 4845316 92.2 44.4  
592 5 1 17459 5236435 87.5 57.2  
593 5 1 17470 5239863 88.5 100.3  
594 5 1 19170 5749774 91.4 62.3  
595 5 1 7688 2305824 90.9 54.5  
596 5 1 8423 2526393 99.0 27.6  
597 5 1 8643 2592199 95.3 80.9  
598 5 1 10408 3121581 93.4 44.4  
599 5 1 10433 3129106 89.9 42.4  
600 5 1 11351 3404543 81.8 71.3  
601 5 1 14654 4395366 92.7 46.9  
602 5 1 14654 4395391 94.7 65.6  
603 5 1 16582 4973668 92.0 35.0  
604 5 1 13597 4078070 86.1 76.3  
605 5 1 13597 4078135 90.7 30.7  
606 5 1 13941 4181256 89.7 50.9  
607 5 1 13941 4181371 86.0 55.4  
608 5 1 13941 4181412 91.8 41.5  
609 5 1 18039 5410508 75.8 55.3  
610 5 1 17701 5309185 90.4 14.3  
611 5 1 19212 5762261 94.9 58.4  
612 5 1 19226 5766454 91.1 54.0  
613 5 1 19226 5766496 90.7 29.2  
614 5 1 19226 5766497 88.8 58.2  
615 5 1 19233 5768604 91.9 39.0  
616 5 1 19601 5879128 93.0 51.9  
617 5 1 20900 6268540 90.0 64.9  
618 5 1 21046 6312560 89.6 55.7  
619 5 1 21058 6315938 90.3 75.8  
620 5 1 21457 6435675 82.0 237.2  
621 5 1 9220 2765328 90.7 30.8  
622 5 1 9791 2936614 96.3 58.4  
623 5 1 10182 3053750 89.2 57.1  
624 5 1 13320 3995220 97.9 35.6  
625 5 1 14385 4314571 90.3 43.2  
626 5 1 14492 4346774 97.1 45.6  
627 5 1 16819 5044663 91.6 56.7  
628 5 1 22977 6891618 91.7 38.2  
629 5 1 23375 7010955 89.5 42.5  
630 5 1 23554 7064590 93.9 69.7  
631 5 1 23969 7189119 95.8 46.1  
632 5 1 27870 8359102 89.5 45.6  
633 5 1 27870 8359281 100.4 44.4  
634 5 1 27870 8359300 89.4 63.5  
635 5 1 32980 9891944 103.6 48.7  
636 5 1 29894 8966224 88.3 37.6  
637 5 1 31679 9501795 87.8 40.1  
638 5 1 32149 9642739 91.5 41.7  
639 5 1 32155 9644354 94.3 57.3  
640 5 1 32156 9644779 95.9 60.1  
641 5 1 32165 9647478 81.9 53.0  
642 5 1 33505 10049249 90.3 75.6  
643 5 1 33505 10049482 91.1 47.9  
644 5 1 33533 10057646 88.7 72.9  
645 5 1 34847 10451852 91.5 43.7  
646 5 1 34847 10451915 89.9 50.7  
647 5 1 35569 10668318 95.2 62.5  
648 5 1 22253 6674364 90.7 65.0  
649 5 1 22415 6723099 94.5 42.0  
650 5 1 22622 6785275 81.4 50.0  
651 5 1 28784 8633302 91.3 48.1  
652 5 1 25531 7657687 90.0 47.3  
653 7 1 6974 2091687 96.0 98.6  
654 7 1 6975 2092096 87.6 91.7  
655 7 1 7205 2160926 85.4 55.0  
656 7 1 7205 2160927 91.9 56.7  
657 7 1 7596 2278277 88.7 43.2  
658 7 1 10566 3168925 79.8 97.2  
659 7 1 10566 3168958 89.3 45.8  
660 7 1 10577 3172431 94.1 18.1  
661 7 1 10577 3172478 91.8 49.1  
662 7 1 120 35931 87.5 44.1  
663 7 1 126 37510 83.4 46.3  
664 7 1 170 50778 71.7 42.2  
665 7 1 694 207985 81.2 59.8  
666 7 1 4059 1217408 92.1 56.6  
667 7 1 4291 1286812 93.1 37.3  
668 7 1 4294 1287968 90.3 47.9  
669 7 1 6015 1804059 88.9 54.0  
670 7 1 7154 2145750 92.5 90.5  
671 7 1 7542 2261947 90.6 56.3  
672 7 1 9955 2985856 93.5 127.3  
673 7 1 9957 2986473 86.0 35.5  
674 7 1 13939 4180614 92.6 44.5  
675 7 1 14182 4253546 95.4 211.9  
676 7 1 16455 4935429 93.8 38.9  
677 7 1 21699 6508135 92.0 43.4  
678 7 1 20711 6211829 90.6 58.2  
679 7 1 22498 6747898 92.2 32.5  
680 7 1 36247 10871738 86.6 39.1  
681 7 1 22921 6874825 90.7 46.9  
682 7 1 23802 7139166 90.2 98.1  
683 7 1 25682 7702812 90.6 101.0  
684 7 1 25712 7711946 89.1 52.2  
685 7 1 25947 7782478 90.0 36.3  
686 7 1 27215 8162774 90.9 59.2  
687 7 1 28061 8416424 92.6 78.9  
688 7 1 32952 9883511 91.2 73.1  
689 7 1 33930 10176820 92.0 63.6  
690 7 1 16338 4900491 93.9 52.5  
691 7 1 17059 5116662 94.5 43.8  
692 7 1 17068 5119114 86.5 44.2  
693 7 1 17211 5162197 97.9 88.4  
694 7 1 18330 5497919 91.8 57.2  
695 7 1 18330 5497936 94.1 53.6  
696 7 1 23630 7087437 94.4 88.6  
697 7 1 24646 7392292 90.6 66.6  
698 7 1 24646 7392380 92.5 42.1  
699 7 1 27868 8358736 95.1 28.7  
700 7 1 27886 8363929 91.1 54.7  
701 7 1 13710 4111951 94.6 47.5  
702 7 1 11172 3350770 88.5 62.6  
703 7 1 13961 4187476 100.8 54.2  
704 7 1 16220 4864945 84.6 41.4  
705 7 1 16219 4864784 93.9 69.1  
706 7 1 17484 5244140 90.4 47.3  
707 7 1 18891 5665945 96.9 68.7  
708 7 1 4310 1292671 93.5 57.7  
709 7 1 4579 1373394 84.2 45.0  
710 7 1 4790 1436575 88.6 67.8  
711 7 1 18466 5538633 95.1 38.2  
712 7 1 10409 3121857 96.8 71.9  
713 7 1 10699 3208878 95.6 90.9  
714 7 1 11351 3404606 93.6 69.1  
715 7 1 13592 4076527 91.5 23.1  
716 7 1 13592 4076541 94.4 46.2  
717 7 1 13592 4076743 87.8 60.5  
718 7 1 13597 4078201 89.5 43.3  
719 7 1 13965 4188454 92.4 36.3  
720 7 1 15296 4587890 89.5 40.5  
721 7 1 16828 5047375 91.8 92.8  
722 7 1 19212 5762445 76.7 89.3  
723 7 1 21353 6404436 92.7 62.2  
724 7 1 21654 6494829 91.1 53.0  
725 7 1 25236 7569238 93.5 81.8  
726 7 1 21047 6312772 90.1 37.1  
727 7 1 21445 6432128 90.7 91.3  
728 7 1 7244 2172798 93.7 69.9  
729 7 1 8711 2612789 85.6 53.0  
730 7 1 9795 2937923 93.2 81.1  
731 7 1 12088 3625491 90.6 49.0  
732 7 1 12338 3700664 91.9 50.1  
733 7 1 13320 3995188 91.6 85.8  
734 7 1 13840 4151005 94.1 42.0  
735 7 1 14492 4346533 95.1 88.1  
736 7 1 14492 4346758 89.8 139.6  
737 7 1 17458 5236295 93.4 52.8  
738 7 1 23704 7109779 91.3 41.2  
739 7 1 24902 7469103 92.6 51.2  
740 7 1 22977 6891656 91.1 85.3  
741 7 1 23000 6898626 93.6 76.5  
742 7 1 27252 8173860 92.9 68.3  
743 7 1 27252 8173985 89.3 33.6  
744 7 1 32980 9891873 89.9 92.0  
745 7 1 28923 8675002 75.5 57.8  
746 7 1 38863 11656556 92.3 56.9  
747 7 1 39208 11760086 84.1 35.7  
748 7 1 32251 9673313 93.1 69.0  
749 7 1 32253 9673743 90.4 43.8  
750 7 1 33541 10060099 76.0 47.7  
751 7 1 35512 10651226 90.0 85.7  
752 7 1 22253 6674548 92.5 54.4  
753 7 1 22619 6784254 91.5 44.3  
754 7 1 22624 6785654 84.9 49.0  
755 7 1 22997 6897596 84.8 55.7  
756 7 1 38558 11565033 75.4 62.5  
757 6 1 5516 1654462 87.3 43.6  
758 6 1 6974 2091734 90.7 21.5  
759 6 1 7588 2275740 92.5 27.9  
760 6 1 16864 5058059 85.9 32.0  
761 6 1 11963 3587936 94.0 21.5  
762 6 1 173 51714 93.3 75.2  
763 6 1 1219 365627 91.4 47.6  
764 6 1 2585 775127 93.8 55.9  
765 6 1 4078 1222995 96.6 47.7  
766 6 1 4294 1287707 88.2 78.2  
767 6 1 4328 1298168 92.7 22.4  
768 6 1 6026 1807479 92.6 56.9  
769 6 1 7540 2261376 93.3 49.5  
770 6 1 8278 2482892 110.8 52.8  
771 6 1 16351 4904380 90.5 32.1  
772 6 1 22372 6710190 96.2 52.6  
773 6 1 16455 4935530 87.1 29.0  
774 6 1 23210 6961438 95.2 43.8  
775 6 1 16516 4953633 87.6 14.0  
776 6 1 18221 5465058 92.7 29.4  
777 6 1 23437 7029410 84.3 22.7  
778 6 1 18229 5467445 90.8 57.0  
779 6 1 19408 5821078 72.9 67.3  
780 6 1 19486 5844616 91.6 17.9  
781 6 1 22066 6618472 103.9 99.0  
782 6 1 20885 6264139 87.8 57.4  
783 6 1 28373 8510019 93.2 64.8  
784 6 1 23850 7153501 96.1 32.4  
785 6 1 25712 7712017 92.7 43.8  
786 6 1 29089 8724776 83.0 73.5  
787 6 1 28050 8413148 96.7 21.5  
788 6 1 29668 8898460 92.2 39.6  
789 6 1 32540 9759817 99.0 58.4  
790 6 1 32956 9884800 85.4 58.4  
791 6 1 16927 5076839 93.6 30.6  
792 6 1 23642 7091195 93.7 35.8  
793 6 1 23661 7096616 92.7 46.6  
794 6 1 20884 6263827 79.9 47.8  
795 6 1 22231 6667858 98.2 65.6  
796 6 1 8996 2698292 94.6 64.8  
797 6 1 13907 4171089 101.4 24.9  
798 6 1 10891 3266439 89.9 37.8  
799 6 1 15169 4549789 93.7 64.1  
800 6 1 15851 4754204 90.2 52.9  
801 6 1 16531 4958357 88.8 45.1  
802 6 1 16531 4958377 99.0 25.2  
803 6 1 21731 6517722 89.1 82.1  
804 6 1 19164 5747977 94.9 58.7  
805 6 1 22865 6858040 90.6 29.7  
806 6 1 10680 3203383 101.0 45.6  
807 6 1 10695 3207762 92.2 48.6  
808 6 1 10833 3249077 88.4 33.0  
809 6 1 11334 3399570 91.7 43.1  
810 6 1 13597 4078174 91.0 59.4  
811 6 1 13942 4181580 89.8 36.5  
812 6 1 13934 4179256 83.2 26.2  
813 6 1 15379 4612616 91.0 29.8  
814 6 1 16828 5047122 85.0 38.2  
815 6 1 16828 5047310 89.8 36.6  
816 6 1 17514 5252971 86.5 78.4  
817 6 1 19258 5776088 93.5 37.5  
818 6 1 19601 5879001 87.7 40.9  
819 6 1 20958 6286105 88.3 57.3  
820 6 1 21654 6494999 91.4 29.4  
821 6 1 21070 6319548 92.9 41.4  
822 6 1 8709 2612045 91.0 56.3  
823 6 1 12088 3625438 95.4 25.4  
824 6 1 13844 4152205 85.3 55.5  
825 6 1 16957 5085958 91.6 262.3  
826 6 1 17255 5175276 76.9 50.2  
827 6 1 17709 5311544 93.2 60.1  
828 6 1 23701 7108884 102.3 46.1  
829 6 1 23790 7135441 91.8 29.3  
830 6 1 23953 7184336 74.4 35.9  
831 6 1 23961 7186829 83.7 76.4  
832 6 1 27354 8204502 100.3 37.7  
833 6 1 27848 8352788 83.2 32.3  
834 6 1 29898 8967544 93.1 122.0  
835 6 1 30559 9165842 77.9 41.2  
836 6 1 38863 11656486 87.2 27.0  
837 6 1 33535 10058277 91.4 74.0  
838 6 1 34847 10451876 90.5 33.7  
839 6 1 35569 10668421 93.9 52.6  
840 6 1 38542 11560259 93.2 49.3

